19
12
-122
11
-39
-4
-3
-17
-52
-85
-13
-120
-7
-5
-51
90
-9
-14
-42
-37
-44
-39
41
85
-32
58
101
-57
-34
-37
-56
-54
-48
53
-28
-19
-50
-25
-62
-53
-41
20
35
8
2
47
19
-89
17
76
127
73
46
86
-87
-2
26
56
29
109
23
-62
-89
16
12
-41
82
83
-60
1
-82
-103
-86
50
-3
-68
87
69
-15
-98
-97
-128
75
35
-86
78
9
10
-98
-97
-110
-2
-27
21
65
76
-25
-97
-95
-28
-13
-18
127
29
3
-25
-19
-26
36
-20
53
27
-28
15
-59
-60
-81
127
53
51
37
-12
2
-125
-77
-83
19
-46
26
-30
-94
39
-81
-80
-81
82
-43
60
23
-55
13
-76
-80
-80
92
11
49
53
-28
45
-96
-75
-77
-66
-101
-34
55
-6
31
-40
-13
-72
-43
-5
-19
31
59
-40
127
101
-25
57
-42
-60
-53
44
-63
69
25
-63
71
-7
-72
40
-2
-74
-21
60
-74
113
87
-71
-14
59
-71
35
8
-71
36
-48
-71
-49
-35
-70
25
-1
-73
24
-34
-46
-67
-69
-48
64
-102
-54
-35
28
41
72
99
12
-11
40
56
-128
33
54
-103
8
63
-64
-1
-46
-26
-43
-21
-54
-105
-48
24
-40
-44
-22
58
67
-19
15
-31
7
30
-68
-66
-3
-28
-1
14
-11
-62
38
75
29
10
-44
-3
-47
-19
-89
-11
126
-5
46
18
-21
53
-33
37
58
20
-128
-50
12
-128
-11
11
-53
58
45
33
-70
-112
34
-65
-55
-17
-119
-82
37
34
37
47
4
8
18
53
22
-79
24
-19
-56
36
-10
33
52
-1
-72
-1
-101
-95
-64
-88
12
-10
-13
14
53
23
-36
-49
-126
22
-90
-28
-112
29
74
-38
-51
-11
-94
-128
-9
-4
50
81
16
23
-25
25
-9
45
1
42
34
-33
-50
-41
43
-6
37
-43
71
40
-49
-45
-81
13
-42
-3
-55
92
17
-81
-116
-37
56
63
73
20
-4
-128
46
68
-127
-16
-8
-9
21
36
-22
66
16
-46
-76
-26
-1
-20
-15
17
2
-49
-4
-69
-69
-37
13
0
19
24
-12
17
-69
-68
-41
64
12
-38
75
3
-81
-65
-49
-20
-87
-65
54
5
-56
-123
-1
10
-13
-43
-60
-58
-111
-122
-72
20
-57
-128
-20
69
45
-69
-62
-76
55
38
96
78
71
33
-20
-51
-3
88
-105
23
27
48
18
-82
-122
-21
30
-13
45
-6
23
29
-55
-34
-28
80
76
-89
-42
29
-63
57
-30
-8
106
80
-110
-39
-68
25
-47
-38
80
25
-113
60
-100
-43
-27
-19
-21
13
-12
-61
-20
65
12
-33
95
-40
15
-44
-59
-15
68
-34
43
101
-5
117
-41
-58
-57
-24
-61
-37
-28
-33
41
-14
-120
13
13
104
-105
-46
-61
-30
-3
-128
-122
-6
8
-5
-27
43
-104
-88
-107
16
-78
-40
-81
82
-13
-128
-78
32
-48
-87
-79
-119
57
52
-17
54
81
60
-69
-54
-120
43
30
12
-3
12
70
-51
-11
-119
58
-10
-86
-64
-8
-22
45
59
-4
20
-34
-112
-33
-75
-23
66
38
-26
53
17
13
40
48
-27
-127
10
-9
-1
27
34
-34
39
30
-105
-23
-27
-91
-17
-27
-128
-60
5
-26
51
53
19
25
27
2
29
43
-1
71
17
32
30
25
34
47
24
-84
-15
-56
-47
-21
-34
-106
-34
-82
